274
276
279
280
284
288
295
300
306
309
315
320
326
332
336
339
341
345
349
354
360
367
374
378
383
390
394
401
409
413
420
426
433
440
445
454
463
466
473
478
-269
-275
-283
-288
-296
-305
-316
-325
-339
-346
-352
-361
-370
-377
-383
-391
-400
-406
-415
-425
-440
-452
-460
-474
-485
-492
-498
-511
-520
-529
-539
-547
-237
-237
-237
-241
-247
-255
-263
-273
-281
-292
-306
-314
-322
-328
-332
-340
-347
-354
-361
-368
-372
-379
-380
-382
261
269
294
328
360
391
398
415
426
432
439
450
458
463
469
477
486
494
499
505
266
270
282
298
321
341
357
367
380
389
409
431
454
475
501
513
519
525
532
534
543
547
553
561
568
575
577
583
589
594
596
597
254
254
254
254
262
276
293
313
327
339
348
354
361
369
373
380
392
404
414
429
447
466
478
497
510
531
540
545
548
549
549
-178
-179
-182
-185
-191
-200
-210
-221
-232
-241
-254
-266
-276
-284
-302
-317
-333
-342
-352
-363
-369
-378
-386
-394
-401
-411
-420
-437
-452
-461
-469
-478
-484
188
188
189
191
193
195
201
206
212
220
229
237
248
256
264
271
281
288
292
303
310
322
331
339
348
356
362
370
376
384
393
399
405
408
412
415
417
417
-254
-255
-257
-261
-269
-275
-286
-294
-303
-312
-319
-330
-344
-355
-370
-381
-388
-396
-407
-415
-422
-432
-441
-450
-464
-471
-477
-483
-493
-501
-511
-523
-530
-542
-546
-550
-554
