144
144
146
147
149
152
153
156
159
161
164
167
171
175
177
180
182
186
189
194
197
203
208
212
215
219
221
225
230
232
236
239
243
247
251
258
262
264
269
273
-122
-122
-123
-123
-125
-126
-128
-129
-131
-132
-134
-137
-139
-141
-142
-144
-146
-147
-150
-153
-157
-161
-162
-166
-169
-171
-173
-176
-179
-180
-181
-182
224
232
239
244
249
254
260
266
271
278
286
289
295
299
302
307
311
314
316
320
321
323
323
323
-181
-183
-195
-209
-219
-231
-232
-237
-241
-241
-244
-247
-250
-250
-252
-253
-255
-255
-256
-256
-155
-156
-161
-165
-170
-174
-182
-184
-192
-196
-208
-218
-232
-238
-248
-254
-255
-258
-261
-261
-266
-266
-267
-270
-270
-272
-272
-273
-273
-275
-275
-275
-155
-155
-155
-155
-155
-160
-169
-181
-189
-195
-199
-202
-206
-209
-211
-214
-222
-229
-235
-247
-258
-270
-275
-287
-293
-303
-308
-310
-311
-312
-312
-215
-215
-215
-215
-215
-215
-215
-215
-215
-216
-220
-223
-227
-232
-240
-246
-255
-260
-267
-274
-278
-284
-287
-292
-295
-299
-302
-309
-315
-319
-320
-325
-328
227
227
228
230
230
231
234
236
240
246
254
259
267
274
281
286
293
299
303
309
312
318
323
327
333
338
344
354
362
372
382
393
402
406
410
414
417
417
171
171
171
173
176
179
183
187
191
194
197
202
208
213
218
223
226
229
235
238
239
242
245
247
253
255
257
259
262
265
267
271
272
275
278
278
278
